800
999
 922
 944
 989
 919
 817
 878
 908
 996
 809
 844
 990
 978
 899
 968
 963
 822
 810
 834
 937
 766
 922
 902
 812
 826
 992
1016
 827
 891
 979
 912
 876
 962
 847
 844
 824
 897
 921
 917
 902
 896
 974
 982
1000
 872
 910
 993
 967
 972
 830
 874
 962
 921
 977
 824
 828
 946
 922
 947
 930
 880
 822
 987
 960
 903
 802
 962
 822
 940
 836
 928
 821
 967
 948
 949
 943
 964
 981
 924
 801
 968
 991
 972
 822
 922
 996
 884
 822
 912
 822
 936
 974
 982
 882
 821
 822
 879
 900
 922
 938
 929
 942
 976
 813
 841
 997
 927
 961
 846
 828
 929
 999
 883
 927
 944
 814
 874
 970
 802
 874
 922
 870
 888
 808
 810
 920
 931
 810
 961
 822
 922
 964
 920
 807
 843
 842
 922
 826
 988
 984
 893
 909
 831
 961
 838
 944
 922
 800
 887
 881
 890
 844
 822
 889
 820
 962
 816
 914
 926
 877
 922
 837
 904
 998
 822
 942
 922
 992
 922
 822
 994
 842
 907
 939
 839
 882
 812
 974
 983
 924
 980
 804
 999
 829
 892
 992
 892
 848
 926
 922
 898
 966
 849
 829
 819
 913
 827
 928
 941
 896
 840
 934
1001
 822
 846
 928
 992
 966
 994
 874
 824
 892
 829
 972
 982
 828
 828
 927
 898
 834
 903
1000
 883
 938
 926
 922
 819
 931
 820
 810
 872
 924
 844
 922
 822
 922
 900
 998
 997
 936
 922
 981
 961
 944
 842
 799
 961
 812
 974
 893
 800
 810
 922
 897
 944
 929
 904
 967
 874
 921
 964
 919
 962
 992
 988
 987
 847
 802
 940
 876
 804
 966
 942
 824
 976
 922
 910
 808
 812
 921
 927
   2
 962
 896
 991
 929
 822
 822
 908
 902
 993
 996
 874
 881
 822
 841
 942
 902
 996
 816
 821
 802
 922
 937
 922
 922
 877
 961
 822
 882
 887
 992
 813
 924
 822
 922
 814
 949
 831
 999
 843
 884
 930
 844
 984
 826
 914
 840
 939
 817
  -3
 967
 892
 821
 899
 896
 826
 946
 822
 920
 978
 842
 822
 999
 999
 916
 890
 928
 983
 879
 961
 962
 970
 822
 837
 922
 889
 944
 909
 917
 912
 922
 948
 839
 968
 807
 801
 934
 838
 972
-200
 822
 979
 830
 943
2229
 878
 941
 827
 907
 922
 964
 982
 926
 888
 968
 810
 962
 891
1224224
 870
 989
 974
 974
 849
 809
 844
 990
 836
 977
 848
 880
 980
 300
 974
 966
 922
 943
 962
 838
 976
 804
 941
 821
 994
 817
 844
 822
 937
 903
 921
 940
 812
 928
 964
 922
 992
 828
 922
 808
 899
 926
 967
 999
 824
 978
 829
 822
 881
 907
 996
 912
 897
 909
 930
 947
 880
 826
 810
 887
 922
 970
 894
 922
 920
 920
 809
 922
 988
 949
 829
 819
 983
 972
 927
 827
 912
 902
 962
 944
 890
 992
 968
 913
 888
 974
 982
 828
 944
 922
 914
 946
 987
 948
10800
 807
 980
 831
 824
 977
 979
 942
 917
 813
 889
 802
 842
 870
 846
 962
 840
 968
 842
 991
 992
 929
 981
 891
 883
 812
 974
 982
 927
 972
 964
 908
 826
 844
 822
 936
 822
 961
 924
 910
 922
 961
 837
 834
 878
 892
 923
 874
 848
 934
 849
 896
 822
 874
 900
 997
 827
 821
 967
1000
 820
 922
 993
 922
 902
 929
 822
 843
 990
 928
 999
 922
 922
 876
 922
 921
 904
 802
 898
 896
 872
 882
 961
 814
 998
 822
 844
 996
 822
 966
 922
 884
 916
 882
 942
 801
 892
 939
 924
 836
 944
 822
 962
 922
 810
 822
 984
 841
 847
 938
 877
 810
 839
 830
 926
 893
 961
 874
 989
 931